H04,0,0,0,0
H05,0,0,0,0
H13,0,0,0,0
H14,0,0,0,0
H17,0,0,0,0
H19,0,0,0,0
H28,0,0,0,0
H31,0,0,0,0
H38,0,0,0,0
H39,0,0,0,0
H42,0,0,0,0
H43,0,0,0,0
H49,0,0,0,0
H50,0,0,0,0
H59,0,0,0,0
H63,0,0,0,0
H68,0,0,0,0
H69,0,0,0,0
H79,0,0,0,0
H85,0,0,0,0
I02,0,0,0,0
I03,0,0,0,0
I07,0,0,0,0
I08,0,0,0,0
I13,0,0,0,0
I14,0,0,0,0
I17,0,0,0,0
I18,0,0,0,0
I35,0,0,0,0
I36,0,0,0,0
I43,0,0,0,0
I44,0,0,0,0
I54,0,0,0,0
I55,0,0,0,0
I63,0,0,0,0
I64,0,0,0,0
I72,0,0,0,0
I73,0,0,0,0
I79,0,0,0,0
I80,0,0,0,0
I83,0,0,0,0
I84,0,0,0,0
I89,0,0,0,0
I90,0,0,0,0
I94,0,0,0,0
I95,0,0,0,0
J04,0,0,0,0
J05,0,0,0,0
J14,0,0,0,0
J16,0,0,0,0
J19,0,0,0,0
J20,0,0,0,0
J24,0,0,0,0
J25,0,0,0,0
J28,0,0,0,0
J29,0,0,0,0
J34,0,0,0,0
J36,0,0,0,0
J41,0,0,0,0
J42,0,0,0,0
J46,0,0,0,0
J47,0,0,0,0
J54,0,0,0,0
J56,0,0,0,0
J61,0,0,0,0
J62,0,0,0,0
J69,0,0,0,0
J72,0,0,0,0
H11,0,0,0,0
H15,0,0,0,0
H24,0,0,0,0
H35,0,0,0,0
H41,0,0,0,0
H47,0,0,0,0
H55,0,0,0,0
H65,0,0,0,0
H75,0,0,0,0
H86,0,0,0,0
I05,0,0,0,0
I10,0,0,0,0
I16,0,0,0,0
I19,0,0,0,0
I39,0,0,0,0
I47,0,0,0,0
I62,0,0,0,0
I68,0,0,0,0
I78,0,0,0,0
I81,0,0,0,0
I88,0,0,0,0
I92,0,0,0,0
J18,0,0,0,0
J21,0,0,0,0
J32,0,0,0,0
J33,0,0,0,0
J73,0,0,0,0
H12,1,1,0,0
H25,1,1,0,0
H26,1,1,1,0
H29,1,0,0,1
H32,1,0,1,0
H34,1,0,1,0
H70,1,1,0,0
H73,1,1,0,0
H76,1,0,0,1
H82,1,1,0,0
H83,1,0,1,0
H84,1,1,0,0
I09,1,1,0,0
I24,1,1,0,0
I25,1,1,0,0
I27,1,0,0,1
I40,1,0,0,1
I49,1,1,0,0
I51,1,1,0,0
I60,1,0,1,0
I74,1,1,0,0
I86,1,1,0,0
J09,1,1,0,0
J31,1,0,0,1
I34,1,1,0,0
J45,1,1,0,0
J65,1,1,0,0
H03,2,0,0,2
H07,2,0,1,0
H20,2,2,0,0
H21,2,2,0,0
H30,2,1,0,2
H33,2,0,0,2
H18,2,2,0,0
H23,2,2,1,0
H46,2,2,0,0
H51,2,1,2,0
H56,2,2,0,0
H57,2,2,2,0
H61,2,0,1,1
H62,2,2,2,0
H71,2,2,0,0
H74,2,1,0,2
H80,2,2,2,0
H81,2,2,0,0
I20,2,2,0,0
I22,2,2,0,0
I28,2,2,2,0
I29,2,2,0,0
I33,2,0,0,2
I38,2,2,0,0
I45,2,0,0,2
I46,2,0,2,2
I57,2,2,2,0
I58,2,0,2,0
I65,2,2,1,0
I66,2,2,0,0
I70,2,0,2,0
I76,2,2,0,0
I91,2,2,0,0
J01,2,2,0,0
J07,2,1,2,0
J11,2,2,0,0
J15,2,2,0,0
J23,2,2,0,0
J37,2,0,2,0
J39,2,2,0,1
J52,2,2,0,0
J53,2,2,0,0
J59,2,0,2,0
J66,2,2,0,0
J70,2,2,0,0
J71,2,2,0,0
H27,2,2,0,0
H44,2,0,2,2
I23,2,0,2,0
I26,2,1,1,2
J12,2,2,0,0
J13,2,0,2,0
H58,2,2,0,0
H60,2,2,0,0
I41,2,2,0,0
I61,2,2,0,0
I42,2,2,0,0
J55,2,0,2,0
J58,2,2,0,0
H53,2,0,2,0
